wfeUnits=nm
mnMap=50

[atmosphere]
lam_0 = 5e-07
r_0 = 0.17
L_0 = 25
layer_Cn2 = 0.41958, 0.028971, 0.0619381, 0.15984, 0.10989, 0.0999001, 0.11988
layer_v_wind = 10, 10, 20, 20, 25, 30, 25
layer_dir = 1.05, 1.05, 1.31, 1.31, 1.75, 1.92, 1.75
layer_z = 250, 500, 1000, 2000, 4000, 8000, 16000

[system]
D = 6.5
d_min = 0.135417
F0 = 7.6e+10
lam_wfs = 8e-07
npix_wfs = 0
ron_wfs = 0
Fbg = 0
minTauWFS = 0.0005
deltaTau = 0
lam_sci = 8e-07
fit_mn_max = 200 
ncp_wfe = 30e-9
ncp_alpha = 2
starMag = 5
starMags = 0,2,4,6,8,10,12,14,16



